297409404
2082312
1211594923
-960510
1586813
-291039
457
-1260286017
1858447168
92853796
-117562
-1246271374
46347026
184
112331171
13447164
-704084140
672113521
-3932008
-66413907
-569540
-1084552605
-97079574
-214635
7322048
-1193889346
1346222094
-237923156
13768522
129002592
40224093
2130307180
-61575
3454332
-145315857
-2543292
-46488760
13843349
103
3929718
491929887
45259
365097
39224866
7504251
11288
-4823164
-715468
60764
-58234021
20757519
-1476346949
-605841752
-11031765
-126049463
-1388426059
279269720
-2461
13470917
-76614473
-2113266
239798480
1431346
-31729
-106699275
302670189
3178
-99301629
338101932
-463461985
-1258
3294978
921841021
-151708
661384
-53779242
-12333610
-198
261065
4915
35939234
-1335940
-19996
1800804
-476035
1338105970
602368493
503293066
-7716751
290020543
-624989421
-1004258099
-20023644
739596981
27663
-7571665
-57909268
61649706
-50818
-395780900
